0,1e-05
1,1e-05
2,1e-05
3,1e-05
4,1e-05
5,1e-05
6,1e-05
7,1e-05
8,1e-05
9,1e-05
10,1e-05
11,2e-05
12,2e-05
13,2e-05
14,2e-05
15,2e-05
16,2e-05
17,2e-05
18,4e-05
19,4e-05
20,4e-05
21,4e-05
22,4e-05
23,4e-05
24,4e-05
25,4e-05
26,8e-05
27,8e-05
28,8e-05
29,8e-05
30,8e-05
31,8e-05
32,8e-05
33,0.00016
34,0.00016
35,0.00016
36,0.00016
37,0.00016
38,0.00016
39,0.00016
40,0.00032
41,0.00032
42,0.00032
43,0.00032
44,0.00032
45,0.00032
46,0.00032
47,0.00032
48,0.00064
49,0.00064
50,0.00064
51,0.00064
52,0.00064
53,0.00064
54,0.00064
55,0.00128
56,0.00128
57,0.00128
58,0.00128
59,0.00128
60,0.00128
61,0.00128
62,0.00256
63,0.00256
64,0.00256
65,0.00256
66,0.00256
67,0.00128
68,0.00128
69,0.00128
70,0.00128
71,0.00128
72,0.00128
73,0.00128
74,0.00256
75,0.00256
76,0.00256
77,0.00256
78,0.00128
79,0.00128
80,0.00128
81,0.00128
82,0.00128
83,0.00128
84,0.00128
85,0.00256
86,0.00256
87,0.00256
88,0.00128
89,0.00128
90,0.00128
91,0.00128
92,0.00128
93,0.00128
94,0.00128
95,0.00128
96,0.00256
97,0.00256
98,0.00256
99,0.00256
100,0.00256
101,0.00256
102,0.00256
103,0.00256
104,0.00512
105,0.00512
106,0.00512
107,0.00512
108,0.00512
109,0.00256
110,0.00256
111,0.00256
112,0.00256
113,0.00256
114,0.00256
115,0.00256
116,0.00512
117,0.00512
118,0.00512
119,0.00512
120,0.00512
121,0.00256
122,0.00256
123,0.00256
124,0.00256
125,0.00256
126,0.00128
127,0.00128
128,0.00128
129,0.00128
130,0.00128
131,0.00128
132,0.00128
133,0.00256
134,0.00256
135,0.00256
136,0.00256
137,0.00256
138,0.00256
139,0.00256
140,0.00512
141,0.00512
142,0.00256
143,0.00256
144,0.00256
145,0.00256
146,0.00256
147,0.00256
148,0.00256
149,0.00256
150,0.00256
151,0.00256
152,0.00512
153,0.00512
154,0.00256
155,0.00256
156,0.00256
157,0.00256
158,0.00256
159,0.00256
160,0.00256
161,0.00512
162,0.00512
163,0.00512
164,0.00256
165,0.00128
166,0.00128
167,0.00128
168,0.00128
169,0.00128
170,0.00064
171,0.00064
172,0.00064
173,0.00064
174,0.00064
175,0.00064
176,0.00064
177,0.00064
178,0.00128
179,0.00128
180,0.00128
181,0.00128
182,0.00128
183,0.00128
184,0.00128
185,0.00128
186,0.00256
187,0.00256
188,0.00128
189,0.00128
190,0.00128
191,0.00128
192,0.00128
193,0.00128
194,0.00128
195,0.00064
196,0.00064
197,0.00032
198,0.00032
199,0.00032
200,0.00032
201,0.00032
202,0.00032
203,0.00032
204,0.00032
205,0.00064
206,0.00064
207,0.00064
208,0.00064
209,0.00064
210,0.00064
211,0.00064
212,0.00128
213,0.00128
214,0.00128
215,0.00128
216,0.00128
217,0.00064
218,0.00064
219,0.00064
220,0.00064
221,0.00064
222,0.00064
223,0.00064
224,0.00064
225,0.00128
226,0.00128
227,0.00128
228,0.00128
229,0.00128
230,0.00128
231,0.00128
232,0.00256
233,0.00256
234,0.00256
235,0.00256
236,0.00256
237,0.00256
238,0.00256
239,0.00512
240,0.00512
241,0.00512
242,0.00512
243,0.00512
244,0.00512
245,0.00256
246,0.00256
247,0.00256
248,0.00256
249,0.00128
250,0.00128
251,0.00128
252,0.00128
253,0.00128
254,0.00128
255,0.00064
256,0.00064
257,0.00064
258,0.00064
259,0.00032
260,0.00032
261,0.00032
262,0.00032
263,0.00032
264,0.00032
265,0.00032
266,0.00064
267,0.00064
268,0.00064
269,0.00064
270,0.00064
271,0.00064
272,0.00064
273,0.00064
274,0.00064
275,0.00128
276,0.00128
277,0.00128
278,0.00128
279,0.00128
280,0.00128
281,0.00128
282,0.00128
283,0.00256
284,0.00256
285,0.00256
286,0.00256
287,0.00256
288,0.00256
289,0.00256
290,0.00512
291,0.00512
292,0.00512
293,0.00512
294,0.00512
295,0.00512
296,0.00512
297,0.01024
298,0.00512
299,0.00512
300,0.00512
301,0.00512
302,0.00512
303,0.00512
304,0.00512
305,0.01024
306,0.01024
307,0.01024
308,0.01024
309,0.01024
310,0.01024
311,0.01024
312,0.01024
313,0.02048
314,0.02048
315,0.01024
316,0.00512
317,0.00512
318,0.00512
319,0.00512
320,0.00256
321,0.00256
322,0.00256
323,0.00256
324,0.00128
325,0.00128
326,0.00128
327,0.00128
328,0.00128
329,0.00128
330,0.00064
331,0.00064
332,0.00064
333,0.00064
334,0.00064
335,0.00032
336,0.00032
337,0.00032
338,0.00032
339,0.00032
340,0.00032
341,0.00032
342,0.00064
343,0.00064
344,0.00064
345,0.00064
346,0.00064
347,0.00064
348,0.00064
349,0.00064
350,0.00064
351,0.00064
352,0.00128
353,0.00128
354,0.00128
355,0.00128
356,0.00128
357,0.00128
358,0.00128
359,0.00128
360,0.00256
361,0.00256
362,0.00256
363,0.00256
364,0.00256
365,0.00256
366,0.00256
367,0.00256
368,0.00512
369,0.00512
370,0.00512
371,0.00256
372,0.00256
373,0.00256
374,0.00256
375,0.00256
376,0.00256
377,0.00256
378,0.00512
379,0.00512
380,0.00512
381,0.00512
382,0.00512
383,0.00512
384,0.00512
385,0.01024
386,0.00512
387,0.00512
388,0.00512
389,0.00512
390,0.00512
391,0.00512
392,0.00512
393,0.01024
394,0.01024
395,0.01024
396,0.01024
397,0.00512
398,0.00256
399,0.00256
400,0.00256
401,0.00256
402,0.00256
403,0.00256
404,0.00256
405,0.00256
406,0.00512
407,0.00512
408,0.00256
409,0.00256
410,0.00256
411,0.00256
412,0.00256
413,0.00256
414,0.00256
415,0.00512
416,0.00512
417,0.00512
418,0.00512
419,0.00512
420,0.00512
421,0.00512
422,0.00512
423,0.01024
424,0.00512
425,0.00512
426,0.00512
427,0.00256
428,0.00256
429,0.00256
430,0.00256
431,0.00256
432,0.00256
433,0.00256
434,0.00256
435,0.00256
436,0.00256
437,0.00256
438,0.00512
439,0.00512
440,0.00512
441,0.00256
442,0.00256
443,0.00256
444,0.00256
445,0.00256
446,0.00256
447,0.00256
448,0.00512
449,0.00512
450,0.00512
451,0.00512
452,0.00512
453,0.00512
454,0.00512
455,0.01024
456,0.00512
457,0.00512
458,0.00512
459,0.00512
460,0.00256
461,0.00256
462,0.00256
463,0.00256
464,0.00256
465,0.00256
466,0.00256
467,0.00512
468,0.00512
469,0.00256
470,0.00256
471,0.00256
472,0.00256
473,0.00128
474,0.00128
475,0.00128
476,0.00128
477,0.00128
478,0.00128
479,0.00128
480,0.00128
481,0.00064
482,0.00064
483,0.00064
484,0.00064
485,0.00064
486,0.00064
487,0.00064
488,0.00128
489,0.00128
490,0.00128
491,0.00128
492,0.00128
493,0.00128
494,0.00128
495,0.00128
496,0.00256
497,0.00256
498,0.00256
499,0.00256
500,0.00256
501,0.00256
502,0.00256
503,0.00512
504,0.00512
505,0.00512
506,0.00512
507,0.00512
508,0.00512
509,0.00512
510,0.01024
511,0.01024
512,0.01024
513,0.01024
514,0.00512
515,0.00512
516,0.00256
517,0.00256
518,0.00256
519,0.00256
520,0.00256
521,0.00256
522,0.00256
523,0.00256
524,0.00512
525,0.00512
526,0.00512
527,0.00512
528,0.00512
529,0.00512
530,0.00512
531,0.01024
532,0.01024
533,0.00512
534,0.00256
535,0.00256
536,0.00256
537,0.00256
538,0.00256
539,0.00256
540,0.00256
541,0.00256
542,0.00512
543,0.00512
544,0.00512
545,0.00256
546,0.00256
547,0.00256
548,0.00256
549,0.00256
550,0.00256
551,0.00256
552,0.00256
553,0.00256
554,0.00512
555,0.00512
556,0.00512
557,0.00512
558,0.00512
559,0.00512
560,0.00512
561,0.01024
562,0.01024
563,0.01024
564,0.01024
565,0.01024
566,0.01024
567,0.01024
568,0.00512
569,0.00512
570,0.00512
571,0.00512
572,0.00512
573,0.00512
574,0.00512
575,0.00512
576,0.01024
577,0.01024
578,0.01024
579,0.00512
580,0.00256
581,0.00256
582,0.00256
583,0.00256
584,0.00256
585,0.00256
586,0.00256
587,0.00256
588,0.00512
589,0.00512
590,0.00512
591,0.00512
592,0.00512
593,0.00512
594,0.00512
595,0.00256
596,0.00256
597,0.00256
598,0.00256
599,0.00256
600,0.00256
601,0.00256
602,0.00512
603,0.00512
604,0.00512
605,0.00512
606,0.00512
607,0.00512
608,0.00512
609,0.00512
610,0.01024
611,0.01024
612,0.01024
613,0.01024
614,0.01024
615,0.01024
616,0.01024
617,0.00512
618,0.00512
619,0.00512
620,0.00512
621,0.00512
622,0.00512
623,0.00512
624,0.01024
625,0.01024
626,0.01024
627,0.00512
628,0.00512
629,0.00512
630,0.00512
631,0.00512
632,0.00512
633,0.00512
634,0.00256
635,0.00256
636,0.00256
637,0.00256
638,0.00256
639,0.00256
640,0.00256
641,0.00256
642,0.00128
643,0.00128
644,0.00128
645,0.00128
646,0.00128
647,0.00128
648,0.00128
649,0.00256
650,0.00256
651,0.00256
652,0.00256
653,0.00256
654,0.00256
655,0.00128
656,0.00128
657,0.00128
658,0.00128
659,0.00128
660,0.00128
661,0.00128
662,0.00064
663,0.00064
664,0.00064
665,0.00064
666,0.00064
667,0.00032
668,0.00032
669,0.00032
670,0.00032
671,0.00032
672,0.00032
673,0.00032
674,0.00016
675,0.00016
676,0.00016
677,0.00016
678,0.00016
679,0.00016
680,0.00016
681,0.00016
682,0.00016
683,0.00016
684,0.00032
685,0.00032
686,0.00032
687,0.00032
688,0.00032
689,0.00032
690,0.00032
691,0.00064
692,0.00064
693,0.00064
694,0.00064
695,0.00064
696,0.00064
697,0.00064
698,0.00128
699,0.00128
700,0.00128
701,0.00128
702,0.00128
703,0.00128
704,0.00128
705,0.00128
706,0.00256
707,0.00256
708,0.00256
709,0.00256
710,0.00256
711,0.00256
712,0.00256
713,0.00512
714,0.00512
715,0.00512
716,0.00256
717,0.00256
718,0.00256
719,0.00256
720,0.00256
721,0.00256
722,0.00256
723,0.00512
724,0.00512
725,0.00512
726,0.00512
727,0.00512
728,0.00512
729,0.00512
730,0.00512
731,0.00512
732,0.01024
733,0.01024
734,0.01024
735,0.01024
736,0.01024
737,0.01024
738,0.00512
739,0.00512
740,0.00512
741,0.00512
742,0.00512
743,0.00512
744,0.00512
745,0.00512
746,0.01024
747,0.01024
748,0.00512
749,0.00512
750,0.00512
751,0.00512
752,0.00512
753,0.00512
754,0.00512
755,0.01024
756,0.00512
757,0.00512
758,0.00512
759,0.00512
760,0.00512
761,0.00512
762,0.00512
763,0.01024
764,0.01024
765,0.01024
766,0.01024
767,0.01024
768,0.01024
769,0.01024
770,0.01024
771,0.02048
772,0.01024
773,0.00512
774,0.00512
775,0.00512
776,0.00512
777,0.00512
778,0.00512
779,0.00256
780,0.00256
781,0.00256
782,0.00256
783,0.00256
784,0.00256
785,0.00128
786,0.00128
787,0.00128
788,0.00128
789,0.00128
790,0.00128
791,0.00128
792,0.00256
793,0.00256
794,0.00128
795,0.00128
796,0.00128
797,0.00128
798,0.00128
799,0.00128
800,0.00128
801,0.00064
802,0.00064
803,0.00064
804,0.00064
805,0.00064
806,0.00064
807,0.00032
808,0.00032
809,0.00032
810,0.00032
811,0.00032
812,0.00032
813,0.00032
814,0.00064
815,0.00064
816,0.00064
817,0.00064
818,0.00064
819,0.00064
820,0.00064
821,0.00128
822,0.00128
823,0.00128
824,0.00128
825,0.00128
826,0.00128
827,0.00128
828,0.00256
829,0.00256
830,0.00128
831,0.00128
832,0.00064
833,0.00064
834,0.00064
835,0.00064
836,0.00064
837,0.00032
838,0.00032
839,0.00032
840,0.00032
841,0.00032
842,0.00032
843,0.00032
844,0.00032
845,0.00064
846,0.00064
847,0.00064
848,0.00064
849,0.00064
850,0.00064
851,0.00064
852,0.00064
853,0.00128
854,0.00128
855,0.00128
856,0.00128
857,0.00128
858,0.00128
859,0.00128
860,0.00128
861,0.00128
862,0.00128
863,0.00256
864,0.00256
865,0.00256
866,0.00256
867,0.00256
868,0.00256
869,0.00256
870,0.00256
871,0.00128
872,0.00128
873,0.00128
874,0.00128
875,0.00128
876,0.00128
877,0.00128
878,0.00128
879,0.00256
880,0.00256
881,0.00256
882,0.00256
883,0.00256
884,0.00256
885,0.00256
886,0.00256
887,0.00512
888,0.00512
889,0.00512
890,0.00512
891,0.00512
892,0.00512
893,0.00512
894,0.00512
895,0.01024
896,0.01024
897,0.01024
898,0.00512
899,0.00256
900,0.00256
901,0.00256
902,0.00256
903,0.00256
904,0.00256
905,0.00256
906,0.00128
907,0.00128
908,0.00128
909,0.00128
910,0.00128
911,0.00128
912,0.00128
913,0.00256
914,0.00256
915,0.00256
916,0.00256
917,0.00256
918,0.00256
919,0.00256
920,0.00512
921,0.00512
922,0.00512
923,0.00256
924,0.00256
925,0.00128
926,0.00128
927,0.00128
928,0.00128
929,0.00128
930,0.00128
931,0.00128
932,0.00256
933,0.00256
934,0.00256
935,0.00256
936,0.00256
937,0.00128
938,0.00128
939,0.00064
940,0.00064
941,0.00064
942,0.00064
943,0.00064
944,0.00064
945,0.00064
946,0.00128
947,0.00128
948,0.00128
949,0.00128
950,0.00128
951,0.00128
952,0.00128
953,0.00128
954,0.00128
955,0.00256
956,0.00256
957,0.00256
958,0.00256
959,0.00256
960,0.00256
961,0.00256
962,0.00512
963,0.00256
964,0.00256
965,0.00256
966,0.00256
967,0.00256
968,0.00256
969,0.00256
970,0.00512
971,0.00256
972,0.00256
973,0.00256
974,0.00256
975,0.00256
976,0.00256
977,0.00256
978,0.00512
979,0.00512
980,0.00512
981,0.00512
982,0.00512
983,0.00512
984,0.00512
985,0.00256
986,0.00256
987,0.00256
988,0.00256
989,0.00256
990,0.00256
991,0.00256
992,0.00512
993,0.00512
994,0.00512
995,0.00256
996,0.00256
997,0.00256
998,0.00256
999,0.00256
1000,0.00256
1001,0.00256
1002,0.00256
1003,0.00512
1004,0.00256
1005,0.00256
1006,0.00256
1007,0.00256
1008,0.00256
1009,0.00256
1010,0.00256
1011,0.00256
1012,0.00256
1013,0.00512
1014,0.00512
1015,0.00512
1016,0.00512
1017,0.00512
1018,0.00512
1019,0.00256
1020,0.00256
1021,0.00256
1022,0.00256
1023,0.00256
1024,0.00256
1025,0.00256
1026,0.00256
1027,0.00512
1028,0.00512
1029,0.00512
1030,0.00512
1031,0.00512
1032,0.00256
1033,0.00256
1034,0.00256
1035,0.00256
1036,0.00256
1037,0.00256
1038,0.00256
1039,0.00256
1040,0.00512
1041,0.00512
1042,0.00512
1043,0.00512
1044,0.00512
1045,0.00512
1046,0.00512
1047,0.01024
1048,0.01024
1049,0.00512
1050,0.00512
1051,0.00512
1052,0.00512
1053,0.00512
1054,0.00256
1055,0.00256
1056,0.00256
1057,0.00256
1058,0.00256
1059,0.00256
1060,0.00256
1061,0.00256
1062,0.00512
1063,0.00512
1064,0.00512
1065,0.00512
1066,0.00512
1067,0.00512
1068,0.00512
1069,0.00256
1070,0.00256
1071,0.00256
1072,0.00256
1073,0.00256
1074,0.00256
1075,0.00256
1076,0.00128
1077,0.00128
1078,0.00128
1079,0.00128
1080,0.00128
1081,0.00128
1082,0.00128
1083,0.00256
1084,0.00256
1085,0.00256
1086,0.00256
1087,0.00256
1088,0.00256
1089,0.00256
1090,0.00512
1091,0.00512
1092,0.00512
1093,0.00512
1094,0.00512
1095,0.00512
1096,0.00512
1097,0.01024
1098,0.01024
1099,0.01024
1100,0.00512
1101,0.00512
1102,0.00512
1103,0.00512
1104,0.00512
1105,0.00512
1106,0.00512
1107,0.00512
1108,0.00256
1109,0.00256
1110,0.00256
1111,0.00256
1112,0.00256
1113,0.00256
1114,0.00256
1115,0.00256
1116,0.00512
1117,0.00512
1118,0.00512
1119,0.00512
1120,0.00512
1121,0.00512
1122,0.00512
1123,0.00512
1124,0.01024
1125,0.00512
1126,0.00512
1127,0.00512
1128,0.00512
1129,0.00512
1130,0.00512
1131,0.00512
1132,0.00512
1133,0.01024
1134,0.01024
1135,0.01024
1136,0.01024
1137,0.00512
1138,0.00512
1139,0.00512
1140,0.00512
1141,0.00512
1142,0.00512
1143,0.00256
1144,0.00256
1145,0.00256
1146,0.00256
1147,0.00256
1148,0.00256
1149,0.00256
1150,0.00256
1151,0.00256
1152,0.00512
1153,0.00512
1154,0.00512
1155,0.00512
1156,0.00512
1157,0.00512
1158,0.00256
1159,0.00256
1160,0.00256
1161,0.00256
1162,0.00256
1163,0.00256
1164,0.00256
1165,0.00512
1166,0.00512
1167,0.00512
1168,0.00512
1169,0.00256
1170,0.00256
1171,0.00256
1172,0.00256
1173,0.00256
1174,0.00256
1175,0.00256
1176,0.00256
1177,0.00512
1178,0.00512
1179,0.00512
1180,0.00512
1181,0.00512
1182,0.00512
1183,0.00512
1184,0.00512
1185,0.01024
1186,0.01024
1187,0.01024
1188,0.01024
1189,0.00512
1190,0.00512
1191,0.00512
1192,0.00512
1193,0.00512
1194,0.00512
1195,0.00512
1196,0.00256
1197,0.00256
1198,0.00256
1199,0.00256
1200,0.00256
1201,0.00256
1202,0.00256
1203,0.00256
1204,0.00512
1205,0.00512
1206,0.00512
1207,0.00512
1208,0.00512
1209,0.00256
1210,0.00256
1211,0.00256
1212,0.00256
1213,0.00256
1214,0.00256
1215,0.00256
1216,0.00256
1217,0.00512
1218,0.00256
1219,0.00128
1220,0.00128
1221,0.00128
1222,0.00128
1223,0.00128
1224,0.00128
1225,0.00128
1226,0.00256
1227,0.00256
1228,0.00256
1229,0.00256
1230,0.00256
1231,0.00256
1232,0.00128
1233,0.00128
1234,0.00128
1235,0.00128
1236,0.00128
1237,0.00128
1238,0.00064
1239,0.00064
1240,0.00064
1241,0.00064
1242,0.00064
1243,0.00064
1244,0.00032
1245,0.00032
1246,0.00032
1247,0.00032
1248,0.00032
1249,0.00032
1250,0.00032
1251,0.00032
1252,0.00032
1253,0.00032
1254,0.00064
1255,0.00064
1256,0.00064
1257,0.00064
1258,0.00064
1259,0.00032
1260,0.00032
1261,0.00032
1262,0.00032
1263,0.00032
1264,0.00032
1265,0.00032
1266,0.00016
1267,0.00016
1268,0.00016
1269,0.00016
1270,0.00016
1271,0.00016
1272,0.00016
1273,0.00016
1274,0.00016
1275,0.00016
1276,0.00016
1277,0.00032
1278,0.00032
1279,0.00032
1280,0.00032
1281,0.00032
1282,0.00032
1283,0.00032
1284,0.00032
1285,0.00032
1286,0.00064
1287,0.00064
1288,0.00064
1289,0.00064
1290,0.00064
1291,0.00064
1292,0.00064
1293,0.00064
1294,0.00128
1295,0.00128
1296,0.00128
1297,0.00128
1298,0.00128
1299,0.00128
1300,0.00128
1301,0.00128
1302,0.00256
1303,0.00256
1304,0.00256
1305,0.00256
1306,0.00256
1307,0.00256
1308,0.00256
1309,0.00256
1310,0.00256
1311,0.00512
1312,0.00512
1313,0.00512
1314,0.00256
1315,0.00256
1316,0.00256
1317,0.00256
1318,0.00128
1319,0.00128
1320,0.00128
1321,0.00128
1322,0.00128
1323,0.00128
1324,0.00128
1325,0.00128
1326,0.00128
1327,0.00256
1328,0.00256
1329,0.00256
1330,0.00256
1331,0.00256
1332,0.00256
1333,0.00256
1334,0.00256
1335,0.00256
1336,0.00512
1337,0.00512
1338,0.00256
1339,0.00256
1340,0.00256
1341,0.00256
1342,0.00256
1343,0.00256
1344,0.00256
1345,0.00256
1346,0.00256
1347,0.00256
1348,0.00256
1349,0.00256
1350,0.00512
1351,0.00256
1352,0.00256
1353,0.00256
1354,0.00256
1355,0.00256
1356,0.00256
1357,0.00256
1358,0.00128
1359,0.00128
1360,0.00128
1361,0.00128
1362,0.00128
1363,0.00128
1364,0.00128
1365,0.00128
1366,0.00128
1367,0.00256
1368,0.00256
1369,0.00256
1370,0.00256
1371,0.00256
1372,0.00256
1373,0.00256
1374,0.00512
1375,0.00512
1376,0.00512
1377,0.00512
1378,0.00512
1379,0.00512
1380,0.00256
1381,0.00256
1382,0.00256
1383,0.00256
1384,0.00256
1385,0.00256
1386,0.00256
1387,0.00512
1388,0.00512
1389,0.00512
1390,0.00512
1391,0.00512
1392,0.00256
1393,0.00256
1394,0.00256
1395,0.00256
1396,0.00256
1397,0.00128
1398,0.00128
1399,0.00128
1400,0.00128
1401,0.00128
1402,0.00128
1403,0.00128
1404,0.00256
1405,0.00256
1406,0.00256
1407,0.00256
1408,0.00256
1409,0.00256
1410,0.00256
1411,0.00256
1412,0.00128
1413,0.00128
1414,0.00128
1415,0.00128
1416,0.00128
1417,0.00128
1418,0.00128
1419,0.00256
1420,0.00256
1421,0.00256
1422,0.00256
1423,0.00128
1424,0.00128
1425,0.00128
1426,0.00128
1427,0.00128
1428,0.00128
1429,0.00128
1430,0.00256
1431,0.00256
1432,0.00256
1433,0.00256
1434,0.00256
1435,0.00256
1436,0.00256
1437,0.00256
1438,0.00256
1439,0.00256
1440,0.00512
1441,0.00512
1442,0.00512
1443,0.00512
1444,0.00512
1445,0.00512
1446,0.00512
1447,0.01024
1448,0.01024
1449,0.01024
1450,0.01024
1451,0.01024
1452,0.01024
1453,0.01024
1454,0.01024
1455,0.01024
1456,0.01024
1457,0.02048
1458,0.02048
1459,0.02048
1460,0.02048
1461,0.02048
1462,0.02048
1463,0.02048
1464,0.01024
1465,0.01024
1466,0.01024
1467,0.01024
1468,0.01024
1469,0.01024
1470,0.01024
1471,0.02048
1472,0.01024
1473,0.01024
1474,0.01024
1475,0.01024
1476,0.01024
1477,0.01024
1478,0.00512
1479,0.00512
1480,0.00512
1481,0.00512
1482,0.00512
1483,0.00512
1484,0.00512
1485,0.00512
1486,0.01024
1487,0.01024
1488,0.00512
1489,0.00512
1490,0.00256
1491,0.00256
1492,0.00256
1493,0.00256
1494,0.00256
1495,0.00256
1496,0.00256
1497,0.00512
1498,0.00512
1499,0.00512
1500,0.00512
1501,0.00512
1502,0.00256
1503,0.00256
1504,0.00256
1505,0.00256
1506,0.00256
1507,0.00256
1508,0.00256
1509,0.00256
1510,0.00512
1511,0.00512
1512,0.00512
1513,0.00512
1514,0.00512
1515,0.00512
1516,0.00512
1517,0.00512
1518,0.01024
1519,0.00512
1520,0.00256
1521,0.00256
1522,0.00256
1523,0.00256
1524,0.00256
1525,0.00256
1526,0.00256
1527,0.00256
1528,0.00256
1529,0.00512
1530,0.00512
1531,0.00256
1532,0.00256
1533,0.00256
1534,0.00256
1535,0.00128
1536,0.00128
1537,0.00128
1538,0.00128
1539,0.00128
1540,0.00128
1541,0.00128
1542,0.00128
1543,0.00128
1544,0.00256
1545,0.00256
1546,0.00256
1547,0.00256
1548,0.00256
1549,0.00256
1550,0.00256
1551,0.00256
1552,0.00512
1553,0.00512
1554,0.00256
1555,0.00256
1556,0.00256
1557,0.00256
1558,0.00256
1559,0.00128
1560,0.00128
1561,0.00128
1562,0.00128
1563,0.00128
1564,0.00128
1565,0.00128
1566,0.00256
1567,0.00256
1568,0.00256
1569,0.00256
1570,0.00256
1571,0.00256
1572,0.00256
1573,0.00256
1574,0.00256
1575,0.00256
1576,0.00512
1577,0.00512
1578,0.00512
1579,0.00512
1580,0.00512
1581,0.00512
1582,0.00512
1583,0.00512
1584,0.01024
1585,0.00512
1586,0.00512
1587,0.00512
1588,0.00256
1589,0.00256
1590,0.00256
1591,0.00256
1592,0.00256
1593,0.00256
1594,0.00256
1595,0.00256
1596,0.00256
1597,0.00128
1598,0.00128
1599,0.00128
1600,0.00128
1601,0.00128
1602,0.00128
1603,0.00128
1604,0.00128
1605,0.00128
1606,0.00128
1607,0.00128
1608,0.00256
1609,0.00256
1610,0.00256
1611,0.00256
1612,0.00256
1613,0.00256
1614,0.00256
1615,0.00256
1616,0.00512
1617,0.00512
1618,0.00512
1619,0.00512
1620,0.00512
1621,0.00512
1622,0.00512
1623,0.00256
1624,0.00256
1625,0.00256
1626,0.00256
1627,0.00256
1628,0.00256
1629,0.00256
1630,0.00512
1631,0.00512
1632,0.00512
1633,0.00512
1634,0.00512
1635,0.00512
1636,0.00256
1637,0.00256
1638,0.00256
1639,0.00256
1640,0.00256
1641,0.00256
1642,0.00256
1643,0.00256
1644,0.00256
1645,0.00256
1646,0.00512
1647,0.00512
1648,0.00512
1649,0.00512
1650,0.00512
1651,0.00512
1652,0.00512
1653,0.01024
1654,0.01024
1655,0.01024
1656,0.01024
1657,0.01024
1658,0.01024
1659,0.01024
1660,0.00512
1661,0.00512
1662,0.00512
1663,0.00512
1664,0.00512
1665,0.00512
1666,0.00512
1667,0.01024
1668,0.01024
1669,0.01024
1670,0.00512
1671,0.00512
1672,0.00512
1673,0.00512
1674,0.00512
1675,0.00512
1676,0.00512
1677,0.00512
1678,0.01024
1679,0.00512
1680,0.00512
1681,0.00512
1682,0.00512
1683,0.00512
1684,0.00512
1685,0.00512
1686,0.00512
1687,0.00512
1688,0.00256
1689,0.00256
1690,0.00256
1691,0.00256
1692,0.00256
1693,0.00256
1694,0.00256
1695,0.00256
1696,0.00512
1697,0.00512
1698,0.00512
1699,0.00512
1700,0.00512
1701,0.00512
1702,0.00512
1703,0.01024
1704,0.00512
1705,0.00512
1706,0.00512
1707,0.00256
1708,0.00256
1709,0.00256
1710,0.00256
1711,0.00256
1712,0.00256
1713,0.00256
1714,0.00512
1715,0.00512
1716,0.00256
1717,0.00256
1718,0.00256
1719,0.00256
1720,0.00256
1721,0.00256
1722,0.00256
1723,0.00512
1724,0.00512
1725,0.00512
1726,0.00512
1727,0.00256
1728,0.00256
1729,0.00256
1730,0.00256
1731,0.00256
1732,0.00256
1733,0.00256
1734,0.00512
1735,0.00512
1736,0.00512
1737,0.00512
1738,0.00512
1739,0.00512
1740,0.00512
1741,0.00512
1742,0.00256
1743,0.00256
1744,0.00256
1745,0.00256
1746,0.00256
1747,0.00256
1748,0.00256
1749,0.00256
1750,0.00256
1751,0.00512
1752,0.00512
1753,0.00512
1754,0.00512
1755,0.00512
1756,0.00512
1757,0.00512
1758,0.00256
1759,0.00256
1760,0.00256
1761,0.00256
1762,0.00256
1763,0.00256
1764,0.00256
1765,0.00256
1766,0.00512
1767,0.00512
1768,0.00512
1769,0.00512
1770,0.00512
1771,0.00512
1772,0.00512
1773,0.01024
1774,0.01024
1775,0.01024
1776,0.01024
1777,0.01024
1778,0.01024
1779,0.01024
1780,0.01024
1781,0.01024
1782,0.01024
1783,0.00512
1784,0.00512
1785,0.00512
1786,0.00512
1787,0.00512
1788,0.00512
1789,0.00512
1790,0.00512
1791,0.01024
1792,0.00512
1793,0.00512
1794,0.00512
1795,0.00512
1796,0.00512
1797,0.00512
1798,0.00512
1799,0.00256
1800,0.00256
1801,0.00256
1802,0.00256
1803,0.00256
1804,0.00256
1805,0.00256
1806,0.00512
1807,0.00512
1808,0.00512
1809,0.00512
1810,0.00512
1811,0.00512
1812,0.00512
1813,0.00512
1814,0.00256
1815,0.00256
1816,0.00256
1817,0.00256
1818,0.00256
1819,0.00256
1820,0.00256
1821,0.00256
1822,0.00512
1823,0.00512
1824,0.00512
1825,0.00512
1826,0.00256
1827,0.00256
1828,0.00256
1829,0.00256
1830,0.00256
1831,0.00256
1832,0.00256
1833,0.00256
1834,0.00512
1835,0.00512
1836,0.00512
1837,0.00512
1838,0.00512
1839,0.00512
1840,0.00512
1841,0.00512
1842,0.01024
1843,0.01024
1844,0.01024
1845,0.01024
1846,0.01024
1847,0.00512
1848,0.00512
1849,0.00512
1850,0.00512
1851,0.00512
1852,0.00512
1853,0.00512
1854,0.01024
1855,0.01024
1856,0.01024
1857,0.01024
1858,0.01024
1859,0.01024
1860,0.01024
1861,0.01024
1862,0.02048
1863,0.02048
1864,0.01024
1865,0.01024
1866,0.01024
1867,0.01024
1868,0.00512
1869,0.00512
1870,0.00512
1871,0.00512
1872,0.00512
1873,0.00512
1874,0.00512
1875,0.00512
1876,0.00512
1877,0.00512
1878,0.01024
1879,0.01024
1880,0.01024
1881,0.01024
1882,0.01024
1883,0.01024
1884,0.01024
1885,0.01024
1886,0.01024
1887,0.01024
1888,0.00512
1889,0.00512
1890,0.00512
1891,0.00512
1892,0.00512
1893,0.00512
1894,0.00512
1895,0.00512
1896,0.01024
1897,0.01024
1898,0.01024
1899,0.01024
1900,0.01024
1901,0.01024
1902,0.01024
1903,0.01024
1904,0.01024
1905,0.01024
1906,0.01024
1907,0.02048
1908,0.02048
1909,0.01024
1910,0.01024
1911,0.00512
1912,0.00512
1913,0.00256
1914,0.00256
1915,0.00256
1916,0.00256
1917,0.00256
1918,0.00256
1919,0.00256
1920,0.00256
1921,0.00512
1922,0.00512
1923,0.00512
1924,0.00512
1925,0.00512
1926,0.00512
1927,0.00256
1928,0.00256
1929,0.00256
1930,0.00256
1931,0.00256
1932,0.00256
1933,0.00256
1934,0.00256
1935,0.00256
1936,0.00512
1937,0.00512
1938,0.00512
1939,0.00512
1940,0.00512
1941,0.00512
1942,0.00512
1943,0.01024
1944,0.01024
1945,0.01024
1946,0.01024
1947,0.01024
1948,0.01024
1949,0.01024
1950,0.00512
1951,0.00512
1952,0.00512
1953,0.00512
1954,0.00512
1955,0.00512
1956,0.00512
1957,0.00256
1958,0.00256
1959,0.00256
1960,0.00256
1961,0.00256
1962,0.00256
1963,0.00256
1964,0.00512
1965,0.00512
1966,0.00512
1967,0.00512
1968,0.00512
1969,0.00512
1970,0.00512
1971,0.00256
1972,0.00256
1973,0.00256
1974,0.00256
1975,0.00256
1976,0.00256
1977,0.00256
1978,0.00512
1979,0.00512
1980,0.00512
1981,0.00512
1982,0.00512
1983,0.00512
1984,0.00512
1985,0.01024
1986,0.01024
1987,0.01024
1988,0.01024
1989,0.00512
1990,0.00512
1991,0.00512
1992,0.00512
1993,0.00512
1994,0.00512
1995,0.00512
1996,0.00256
1997,0.00256
1998,0.00256
1999,0.00256
2000,0.00128
2001,0.00128
2002,0.00128
2003,0.00128
2004,0.00128
2005,0.00128
2006,0.00128
2007,0.00128
2008,0.00256
2009,0.00256
2010,0.00256
2011,0.00256
2012,0.00256
2013,0.00256
2014,0.00256
2015,0.00256
2016,0.00256
2017,0.00256
2018,0.00512
2019,0.00512
2020,0.00512
2021,0.00512
2022,0.00512
2023,0.00256
2024,0.00256
2025,0.00256
2026,0.00128
2027,0.00128
2028,0.00128
2029,0.00128
2030,0.00128
2031,0.00128
2032,0.00064
2033,0.00064
2034,0.00064
2035,0.00064
2036,0.00064
2037,0.00064
2038,0.00064
2039,0.00032
2040,0.00032
2041,0.00032
2042,0.00032
2043,0.00032
2044,0.00032
2045,0.00032
2046,0.00064
2047,0.00064
2048,0.00064
2049,0.00064
2050,0.00064
2051,0.00064
2052,0.00064
2053,0.00128
2054,0.00128
2055,0.00128
2056,0.00128
2057,0.00128
2058,0.00128
2059,0.00128
2060,0.00128
2061,0.00256
2062,0.00256
2063,0.00256
2064,0.00256
2065,0.00256
2066,0.00256
2067,0.00256
2068,0.00512
2069,0.00512
2070,0.00512
2071,0.00512
2072,0.00512
2073,0.00512
2074,0.00512
2075,0.00256
2076,0.00256
2077,0.00256
2078,0.00256
2079,0.00256
2080,0.00256
2081,0.00256
2082,0.00256
2083,0.00256
2084,0.00256
2085,0.00256
2086,0.00512
2087,0.00512
2088,0.00512
2089,0.00512
2090,0.00512
2091,0.00512
2092,0.00512
2093,0.00512
2094,0.00512
2095,0.00512
2096,0.00512
2097,0.00512
2098,0.01024
2099,0.01024
2100,0.01024
2101,0.01024
2102,0.01024
2103,0.01024
2104,0.01024
2105,0.01024
2106,0.01024
2107,0.02048
2108,0.02048
2109,0.01024
2110,0.00512
2111,0.00512
2112,0.00512
2113,0.00512
2114,0.00512
2115,0.00512
2116,0.00512
2117,0.00512
2118,0.00512
2119,0.01024
2120,0.01024
2121,0.01024
2122,0.01024
2123,0.01024
2124,0.01024
2125,0.00512
2126,0.00512
2127,0.00512
2128,0.00512
2129,0.00512
2130,0.00512
2131,0.00512
2132,0.00512
2133,0.00512
2134,0.00512
2135,0.01024
2136,0.01024
2137,0.01024
2138,0.00512
2139,0.00512
2140,0.00512
2141,0.00512
2142,0.00512
2143,0.00512
2144,0.00512
2145,0.01024
2146,0.01024
2147,0.01024
2148,0.01024
2149,0.00512
2150,0.00512
2151,0.00512
2152,0.00512
2153,0.00512
2154,0.00512
2155,0.00512
2156,0.00512
2157,0.00512
2158,0.01024
2159,0.01024
2160,0.01024
2161,0.01024
2162,0.01024
2163,0.01024
2164,0.01024
2165,0.01024
2166,0.02048
2167,0.02048
2168,0.01024
2169,0.01024
2170,0.01024
2171,0.00512
2172,0.00512
2173,0.00512
2174,0.00512
2175,0.00512
2176,0.00512
2177,0.00512
2178,0.00512
2179,0.01024
2180,0.01024
2181,0.01024
2182,0.01024
2183,0.01024
2184,0.01024
2185,0.01024
2186,0.01024
2187,0.02048
2188,0.02048
2189,0.01024
2190,0.01024
2191,0.01024
2192,0.01024
2193,0.00512
2194,0.00512
2195,0.00512
2196,0.00512
2197,0.00512
2198,0.00512
2199,0.00512
2200,0.01024
2201,0.01024
2202,0.00512
2203,0.00512
2204,0.00512
2205,0.00512
2206,0.00512
2207,0.00512
2208,0.00512
2209,0.01024
2210,0.01024
2211,0.01024
2212,0.01024
2213,0.01024
2214,0.00512
2215,0.00512
2216,0.00512
2217,0.00512
2218,0.00512
2219,0.00512
2220,0.00512
2221,0.00512
2222,0.00512
2223,0.00512
2224,0.01024
2225,0.01024
2226,0.00512
2227,0.00512
2228,0.00512
2229,0.00512
2230,0.00512
2231,0.00512
2232,0.00512
2233,0.01024
2234,0.01024
2235,0.01024
2236,0.01024
2237,0.01024
2238,0.01024
2239,0.01024
2240,0.01024
2241,0.02048
2242,0.01024
2243,0.01024
2244,0.01024
2245,0.00512
2246,0.00512
2247,0.00512
2248,0.00512
2249,0.00512
2250,0.00512
2251,0.00512
2252,0.00512
2253,0.00512
2254,0.00512
2255,0.00512
2256,0.00256
2257,0.00256
2258,0.00256
2259,0.00256
2260,0.00256
2261,0.00256
2262,0.00256
2263,0.00512
2264,0.00512
2265,0.00512
2266,0.00512
2267,0.00512
2268,0.00512
2269,0.00512
2270,0.00256
2271,0.00256
2272,0.00256
2273,0.00128
2274,0.00128
2275,0.00128
2276,0.00128
2277,0.00128
2278,0.00128
2279,0.00128
2280,0.00256
2281,0.00256
2282,0.00128
2283,0.00128
2284,0.00128
2285,0.00128
2286,0.00128
2287,0.00128
2288,0.00128
2289,0.00256
2290,0.00256
2291,0.00256
2292,0.00256
2293,0.00256
2294,0.00256
2295,0.00256
2296,0.00512
2297,0.00512
2298,0.00512
2299,0.00512
2300,0.00512
2301,0.00512
2302,0.00512
2303,0.00512
2304,0.00512
2305,0.01024
2306,0.01024
2307,0.01024
2308,0.01024
2309,0.01024
2310,0.01024
2311,0.01024
2312,0.01024
2313,0.02048
2314,0.02048
2315,0.02048
2316,0.01024
2317,0.01024
2318,0.01024
2319,0.01024
2320,0.01024
2321,0.01024
2322,0.01024
2323,0.01024
2324,0.01024
2325,0.02048
2326,0.02048
2327,0.02048
2328,0.02048
2329,0.02048
2330,0.02048
2331,0.02048
2332,0.04096
2333,0.02048
2334,0.02048
2335,0.02048
2336,0.02048
2337,0.02048
2338,0.02048
2339,0.02048
2340,0.02048
2341,0.02048
2342,0.01024
2343,0.01024
2344,0.01024
2345,0.01024
2346,0.01024
2347,0.01024
2348,0.01024
2349,0.01024
2350,0.02048
2351,0.02048
2352,0.02048
2353,0.01024
2354,0.01024
2355,0.01024
2356,0.01024
2357,0.01024
2358,0.01024
2359,0.01024
2360,0.00512
2361,0.00512
2362,0.00512
2363,0.00512
2364,0.00512
2365,0.00512
2366,0.00512
2367,0.00512
2368,0.01024
2369,0.01024
2370,0.01024
2371,0.01024
2372,0.01024
2373,0.01024
2374,0.01024
2375,0.01024
2376,0.01024
2377,0.01024
2378,0.02048
2379,0.01024
2380,0.01024
2381,0.01024
2382,0.01024
2383,0.01024
2384,0.00512
2385,0.00256
2386,0.00256
2387,0.00256
2388,0.00256
2389,0.00256
2390,0.00256
2391,0.00256
2392,0.00256
2393,0.00256
2394,0.00512
2395,0.00512
2396,0.00512
2397,0.00256
2398,0.00256
2399,0.00256
2400,0.00256
2401,0.00256
2402,0.00256
2403,0.00256
2404,0.00256
2405,0.00256
2406,0.00128
2407,0.00128
2408,0.00128
2409,0.00128
2410,0.00128
2411,0.00128
2412,0.00128
2413,0.00256
2414,0.00256
2415,0.00256
2416,0.00256
2417,0.00256
2418,0.00256
2419,0.00256
2420,0.00256
2421,0.00512
2422,0.00512
2423,0.00512
2424,0.00512
2425,0.00512
2426,0.00512
2427,0.00512
2428,0.00512
2429,0.00512
2430,0.00512
2431,0.01024
2432,0.01024
2433,0.00512
2434,0.00512
2435,0.00512
2436,0.00512
2437,0.00512
2438,0.00256
2439,0.00256
2440,0.00256
2441,0.00128
2442,0.00128
2443,0.00128
2444,0.00128
2445,0.00128
2446,0.00128
2447,0.00128
2448,0.00128
2449,0.00256
2450,0.00256
2451,0.00256
2452,0.00256
2453,0.00256
2454,0.00256
2455,0.00256
2456,0.00256
2457,0.00512
2458,0.00512
2459,0.00512
2460,0.00512
2461,0.00512
2462,0.00512
2463,0.00512
2464,0.00512
2465,0.01024
2466,0.01024
2467,0.01024
2468,0.01024
2469,0.01024
2470,0.01024
2471,0.00512
2472,0.00256
2473,0.00256
2474,0.00256
2475,0.00256
2476,0.00256
2477,0.00256
2478,0.00256
2479,0.00256
2480,0.00256
2481,0.00256
2482,0.00256
2483,0.00512
2484,0.00512
2485,0.00512
2486,0.00512
2487,0.00512
2488,0.00512
2489,0.00512
2490,0.00512
2491,0.00512
2492,0.00512
2493,0.00512
2494,0.00512
2495,0.00512
2496,0.01024
2497,0.01024
2498,0.00512
2499,0.00512
2500,0.00512
2501,0.00512
2502,0.00512
2503,0.00512
2504,0.00512
2505,0.00512
2506,0.00256
2507,0.00256
2508,0.00128
2509,0.00128
2510,0.00128
2511,0.00128
2512,0.00128
2513,0.00128
2514,0.00128
2515,0.00128
2516,0.00128
2517,0.00128
2518,0.00256
2519,0.00256
2520,0.00256
2521,0.00256
2522,0.00256
2523,0.00256
2524,0.00256
2525,0.00512
2526,0.00512
2527,0.00512
2528,0.00512
2529,0.00512
2530,0.00512
2531,0.00512
2532,0.00512
2533,0.00512
2534,0.01024
2535,0.01024
2536,0.01024
2537,0.01024
2538,0.01024
2539,0.01024
2540,0.01024
2541,0.01024
2542,0.01024
2543,0.01024
2544,0.00512
2545,0.00512
2546,0.00512
2547,0.00512
2548,0.00512
2549,0.00512
2550,0.00512
2551,0.00512
2552,0.00512
2553,0.00512
2554,0.00512
2555,0.00512
2556,0.01024
2557,0.01024
2558,0.01024
2559,0.01024
2560,0.01024
2561,0.01024
2562,0.01024
2563,0.01024
2564,0.01024
2565,0.01024
2566,0.02048
2567,0.02048
2568,0.01024
2569,0.01024
2570,0.00512
2571,0.00512
2572,0.00512
2573,0.00512
2574,0.00256
2575,0.00256
2576,0.00256
2577,0.00256
2578,0.00256
2579,0.00256
2580,0.00256
2581,0.00256
2582,0.00128
2583,0.00128
2584,0.00128
2585,0.00128
2586,0.00128
2587,0.00128
2588,0.00128
2589,0.00256
2590,0.00256
2591,0.00256
2592,0.00256
2593,0.00128
2594,0.00128
2595,0.00128
2596,0.00128
2597,0.00128
2598,0.00128
2599,0.00128
2600,0.00128
2601,0.00128
2602,0.00256
2603,0.00256
2604,0.00256
2605,0.00256
2606,0.00256
2607,0.00256
2608,0.00256
2609,0.00256
2610,0.00256
2611,0.00512
2612,0.00512
2613,0.00512
2614,0.00512
2615,0.00512
2616,0.00512
2617,0.00512
2618,0.00512
2619,0.00512
2620,0.00512
2621,0.00512
2622,0.00512
2623,0.01024
2624,0.01024
2625,0.01024
2626,0.01024
2627,0.01024
2628,0.01024
2629,0.01024
2630,0.02048
2631,0.02048
2632,0.02048
2633,0.02048
2634,0.02048
2635,0.01024
2636,0.01024
2637,0.01024
2638,0.01024
2639,0.01024
2640,0.01024
2641,0.01024
2642,0.01024
2643,0.01024
2644,0.00512
2645,0.00512
2646,0.00512
2647,0.00512
2648,0.00512
2649,0.00512
2650,0.00512
2651,0.01024
2652,0.01024
2653,0.01024
2654,0.01024
2655,0.01024
2656,0.01024
2657,0.01024
2658,0.01024
2659,0.02048
2660,0.02048
2661,0.01024
2662,0.01024
2663,0.01024
2664,0.01024
2665,0.01024
2666,0.01024
2667,0.01024
2668,0.02048
2669,0.01024
2670,0.01024
2671,0.01024
2672,0.01024
2673,0.01024
2674,0.01024
2675,0.01024
2676,0.02048
2677,0.01024
2678,0.01024
2679,0.01024
2680,0.00512
2681,0.00512
2682,0.00512
2683,0.00512
2684,0.00512
2685,0.00512
2686,0.00512
2687,0.00512
2688,0.00512
2689,0.01024
2690,0.01024
2691,0.01024
2692,0.01024
2693,0.01024
2694,0.01024
2695,0.01024
2696,0.01024
2697,0.00512
2698,0.00512
2699,0.00512
2700,0.00512
2701,0.00512
2702,0.00512
2703,0.00512
2704,0.00512
2705,0.00512
2706,0.00512
2707,0.01024
2708,0.01024
2709,0.00512
2710,0.00512
2711,0.00512
2712,0.00512
2713,0.00512
2714,0.00512
2715,0.00512
2716,0.00512
2717,0.00512
2718,0.01024
2719,0.01024
2720,0.01024
2721,0.01024
2722,0.01024
2723,0.01024
2724,0.01024
2725,0.01024
2726,0.02048
2727,0.02048
2728,0.02048
2729,0.01024
2730,0.01024
2731,0.01024
2732,0.01024
2733,0.01024
2734,0.01024
2735,0.01024
2736,0.02048
2737,0.02048
2738,0.01024
2739,0.00512
2740,0.00512
2741,0.00512
2742,0.00512
2743,0.00512
2744,0.00512
2745,0.00512
2746,0.01024
2747,0.01024
2748,0.01024
2749,0.01024
2750,0.01024
2751,0.01024
2752,0.01024
2753,0.00512
2754,0.00512
2755,0.00512
2756,0.00512
2757,0.00512
2758,0.00512
2759,0.00512
2760,0.00512
2761,0.00512
2762,0.00512
2763,0.01024
2764,0.00512
2765,0.00512
2766,0.00512
2767,0.00512
2768,0.00512
2769,0.00512
2770,0.00512
2771,0.00512
2772,0.01024
2773,0.01024
2774,0.01024
2775,0.00512
2776,0.00512
2777,0.00512
2778,0.00512
2779,0.00512
2780,0.00512
2781,0.00512
2782,0.01024
2783,0.01024
2784,0.00512
2785,0.00512
2786,0.00512
2787,0.00512
2788,0.00512
2789,0.00512
2790,0.00512
2791,0.00512
2792,0.00256
2793,0.00256
2794,0.00256
2795,0.00256
2796,0.00256
2797,0.00256
2798,0.00256
2799,0.00512
2800,0.00512
2801,0.00512
2802,0.00512
2803,0.00512
2804,0.00512
2805,0.00512
2806,0.01024
2807,0.01024
2808,0.01024
2809,0.01024
2810,0.01024
2811,0.01024
2812,0.01024
2813,0.00512
2814,0.00512
2815,0.00512
2816,0.00512
2817,0.00512
2818,0.00512
2819,0.00512
2820,0.00512
2821,0.00512
2822,0.01024
2823,0.01024
2824,0.01024
2825,0.01024
2826,0.01024
2827,0.01024
2828,0.01024
2829,0.00512
2830,0.00512
2831,0.00512
2832,0.00512
2833,0.00512
2834,0.00512
2835,0.00512
2836,0.00512
2837,0.00512
2838,0.00512
2839,0.00512
2840,0.00512
2841,0.00512
2842,0.00512
2843,0.00256
2844,0.00256
2845,0.00256
2846,0.00256
2847,0.00256
2848,0.00256
2849,0.00256
2850,0.00512
2851,0.00512
2852,0.00512
2853,0.00512
2854,0.00512
2855,0.00256
2856,0.00256
2857,0.00256
2858,0.00256
2859,0.00256
2860,0.00256
2861,0.00256
2862,0.00256
2863,0.00256
2864,0.00512
2865,0.00512
2866,0.00512
2867,0.00512
2868,0.00512
2869,0.00512
2870,0.00512
2871,0.01024
2872,0.01024
2873,0.01024
2874,0.01024
2875,0.00512
2876,0.00512
2877,0.00512
2878,0.00512
2879,0.00512
2880,0.00256
2881,0.00256
2882,0.00256
2883,0.00256
2884,0.00256
2885,0.00256
2886,0.00256
2887,0.00256
2888,0.00256
2889,0.00256
2890,0.00256
2891,0.00256
2892,0.00256
2893,0.00256
2894,0.00256
2895,0.00256
2896,0.00512
2897,0.00512
2898,0.00512
2899,0.00512
2900,0.00512
2901,0.00512
2902,0.00512
2903,0.00512
2904,0.00512
2905,0.00512
2906,0.00512
2907,0.01024
2908,0.01024
2909,0.01024
2910,0.01024
2911,0.01024
2912,0.01024
2913,0.01024
2914,0.01024
2915,0.02048
2916,0.02048
2917,0.02048
2918,0.02048
2919,0.01024
2920,0.01024
2921,0.01024
2922,0.00512
2923,0.00512
2924,0.00512
2925,0.00512
2926,0.00512
2927,0.00512
2928,0.00512
2929,0.00512
2930,0.01024
2931,0.01024
2932,0.01024
2933,0.01024
2934,0.01024
2935,0.01024
2936,0.01024
2937,0.01024
2938,0.02048
2939,0.02048
2940,0.01024
2941,0.01024
2942,0.01024
2943,0.01024
2944,0.01024
2945,0.01024
2946,0.01024
2947,0.01024
2948,0.01024
2949,0.00512
2950,0.00512
2951,0.00512
2952,0.00512
2953,0.00512
2954,0.00512
2955,0.00512
2956,0.01024
2957,0.01024
2958,0.01024
2959,0.01024
2960,0.01024
2961,0.01024
2962,0.01024
2963,0.02048
2964,0.02048
2965,0.01024
2966,0.01024
2967,0.01024
2968,0.01024
2969,0.01024
2970,0.01024
2971,0.01024
2972,0.01024
2973,0.02048
2974,0.02048
2975,0.02048
2976,0.02048
2977,0.01024
2978,0.01024
2979,0.01024
2980,0.01024
2981,0.01024
2982,0.01024
2983,0.01024
2984,0.01024
2985,0.01024
2986,0.01024
2987,0.02048
2988,0.01024
2989,0.00512
2990,0.00512
2991,0.00512
2992,0.00512
2993,0.00512
2994,0.00512
2995,0.00256
2996,0.00256
2997,0.00256
2998,0.00256
2999,0.00256
3000,0.00256
3001,0.00256
3002,0.00256
3003,0.00512
3004,0.00512
3005,0.00512
3006,0.00512
3007,0.00512
3008,0.00512
3009,0.00512
3010,0.00512
3011,0.01024
3012,0.01024
3013,0.01024
3014,0.01024
3015,0.01024
3016,0.01024
3017,0.01024
3018,0.01024
3019,0.01024
3020,0.01024
3021,0.01024
3022,0.01024
3023,0.01024
3024,0.01024
3025,0.01024
3026,0.02048
3027,0.02048
3028,0.01024
3029,0.00512
3030,0.00512
3031,0.00512
3032,0.00512
3033,0.00512
3034,0.00512
3035,0.00512
3036,0.00512
3037,0.00512
3038,0.01024
3039,0.01024
3040,0.01024
3041,0.01024
3042,0.01024
3043,0.01024
3044,0.01024
3045,0.01024
3046,0.01024
3047,0.01024
3048,0.02048
3049,0.02048
3050,0.02048
3051,0.02048
3052,0.02048
3053,0.02048
3054,0.02048
3055,0.04096
3056,0.04096
3057,0.02048
3058,0.02048
3059,0.02048
3060,0.02048
3061,0.02048
3062,0.02048
3063,0.02048
3064,0.04096
3065,0.04096
3066,0.04096
3067,0.04096
3068,0.04096
3069,0.04096
3070,0.04096
3071,0.04096
3072,0.04096
3073,0.02048
3074,0.02048
3075,0.02048
3076,0.02048
3077,0.02048
3078,0.02048
3079,0.02048
3080,0.01024
3081,0.01024
3082,0.00512
3083,0.00512
3084,0.00512
3085,0.00512
3086,0.00512
3087,0.00512
3088,0.00512
3089,0.00512
3090,0.00512
3091,0.00512
3092,0.00256
3093,0.00128
3094,0.00128
3095,0.00128
3096,0.00128
3097,0.00128
3098,0.00128
3099,0.00128
3100,0.00128
3101,0.00256
3102,0.00256
3103,0.00256
3104,0.00256
3105,0.00256
3106,0.00256
3107,0.00256
3108,0.00512
3109,0.00512
3110,0.00512
3111,0.00256
3112,0.00256
3113,0.00256
3114,0.00256
3115,0.00256
3116,0.00256
3117,0.00256
3118,0.00256
3119,0.00256
3120,0.00512
3121,0.00512
3122,0.00512
3123,0.00512
3124,0.00512
3125,0.00256
3126,0.00256
3127,0.00256
3128,0.00256
3129,0.00256
3130,0.00256
3131,0.00256
3132,0.00512
3133,0.00512
3134,0.00512
3135,0.00512
3136,0.00512
3137,0.00512
3138,0.00512
3139,0.01024
3140,0.00512
3141,0.00512
3142,0.00512
3143,0.00256
3144,0.00256
3145,0.00256
3146,0.00256
3147,0.00256
3148,0.00256
3149,0.00256
3150,0.00256
3151,0.00256
3152,0.00256
3153,0.00512
3154,0.00512
3155,0.00512
3156,0.00512
3157,0.00512
3158,0.00512
3159,0.00512
3160,0.00512
3161,0.00512
3162,0.01024
3163,0.01024
3164,0.01024
3165,0.01024
3166,0.01024
3167,0.01024
3168,0.01024
3169,0.01024
3170,0.02048
3171,0.02048
3172,0.02048
3173,0.02048
3174,0.02048
3175,0.02048
3176,0.01024
3177,0.01024
3178,0.01024
3179,0.01024
3180,0.00512
3181,0.00512
3182,0.00512
3183,0.00512
3184,0.00512
3185,0.00512
3186,0.00512
3187,0.00512
3188,0.01024
3189,0.01024
3190,0.01024
3191,0.01024
3192,0.01024
3193,0.01024
3194,0.01024
3195,0.01024
3196,0.01024
3197,0.01024
3198,0.00512
3199,0.00512
3200,0.00512
3201,0.00512
3202,0.00512
3203,0.00512
3204,0.00512
3205,0.00512
3206,0.01024
3207,0.01024
3208,0.01024
3209,0.01024
3210,0.01024
3211,0.00512
3212,0.00512
3213,0.00512
3214,0.00512
3215,0.00512
3216,0.00512
3217,0.00512
3218,0.00512
3219,0.01024
3220,0.01024
3221,0.00512
3222,0.00512
3223,0.00512
3224,0.00512
3225,0.00512
3226,0.00512
3227,0.00512
3228,0.01024
3229,0.00512
3230,0.00512
3231,0.00512
3232,0.00512
3233,0.00512
3234,0.00512
3235,0.00512
3236,0.00512
3237,0.00512
3238,0.00512
3239,0.00256
3240,0.00256
3241,0.00256
3242,0.00256
3243,0.00256
3244,0.00256
3245,0.00256
3246,0.00256
3247,0.00256
3248,0.00256
3249,0.00256
3250,0.00512
3251,0.00512
3252,0.00512
3253,0.00512
3254,0.00512
3255,0.00512
3256,0.00512
3257,0.00512
3258,0.00512
3259,0.01024
3260,0.01024
3261,0.01024
3262,0.01024
3263,0.00512
3264,0.00512
3265,0.00512
3266,0.00512
3267,0.00512
3268,0.00512
3269,0.00512
3270,0.00512
3271,0.00512
3272,0.00512
3273,0.00512
3274,0.00512
3275,0.01024
3276,0.01024
3277,0.01024
3278,0.00512
3279,0.00512
3280,0.00512
3281,0.00512
3282,0.00512
3283,0.00512
3284,0.00512
3285,0.00512
3286,0.00512
3287,0.00512
3288,0.00512
3289,0.01024
3290,0.01024
3291,0.01024
3292,0.01024
3293,0.01024
3294,0.01024
3295,0.00512
3296,0.00512
3297,0.00512
3298,0.00512
3299,0.00512
3300,0.00512
3301,0.00512
3302,0.01024
3303,0.01024
3304,0.01024
3305,0.01024
3306,0.01024
3307,0.01024
3308,0.01024
3309,0.01024
3310,0.02048
3311,0.02048
3312,0.02048
3313,0.02048
3314,0.01024
3315,0.00512
3316,0.00512
3317,0.00512
3318,0.00512
3319,0.00512
3320,0.00512
3321,0.00512
3322,0.00256
3323,0.00256
3324,0.00256
3325,0.00256
3326,0.00256
3327,0.00256
3328,0.00256
3329,0.00256
3330,0.00512
3331,0.00256
3332,0.00128
3333,0.00128
3334,0.00128
3335,0.00128
3336,0.00064
3337,0.00064
3338,0.00064
3339,0.00064
3340,0.00064
3341,0.00064
3342,0.00064
3343,0.00064
3344,0.00064
3345,0.00064
3346,0.00032
3347,0.00032
3348,0.00032
3349,0.00032
3350,0.00032
3351,0.00032
3352,0.00032
3353,0.00032
3354,0.00032
3355,0.00064
3356,0.00064
3357,0.00064
3358,0.00064
3359,0.00064
3360,0.00064
3361,0.00064
3362,0.00064
3363,0.00128
3364,0.00128
3365,0.00128
3366,0.00128
3367,0.00128
3368,0.00128
3369,0.00128
3370,0.00256
3371,0.00256
3372,0.00256
3373,0.00256
3374,0.00256
3375,0.00256
3376,0.00256
3377,0.00256
3378,0.00256
3379,0.00128
3380,0.00128
3381,0.00128
3382,0.00128
3383,0.00128
3384,0.00128
3385,0.00128
3386,0.00128
3387,0.00256
3388,0.00256
3389,0.00256
3390,0.00256
3391,0.00256
3392,0.00256
3393,0.00256
3394,0.00256
3395,0.00256
3396,0.00256
3397,0.00256
3398,0.00256
3399,0.00256
3400,0.00512
3401,0.00512
3402,0.00512
3403,0.00256
3404,0.00256
3405,0.00256
3406,0.00256
3407,0.00256
3408,0.00256
3409,0.00256
3410,0.00256
3411,0.00256
3412,0.00256
3413,0.00128
3414,0.00128
3415,0.00128
3416,0.00128
3417,0.00128
3418,0.00128
3419,0.00128
3420,0.00128
3421,0.00128
3422,0.00128
3423,0.00128
3424,0.00128
3425,0.00128
3426,0.00128
3427,0.00128
3428,0.00256
3429,0.00256
3430,0.00256
3431,0.00256
3432,0.00256
3433,0.00256
3434,0.00256
3435,0.00256
3436,0.00256
3437,0.00256
3438,0.00256
3439,0.00256
3440,0.00256
3441,0.00256
3442,0.00256
3443,0.00128
3444,0.00128
3445,0.00128
3446,0.00128
3447,0.00128
3448,0.00128
3449,0.00128
3450,0.00128
3451,0.00128
3452,0.00128
3453,0.00128
3454,0.00128
3455,0.00256
3456,0.00256
3457,0.00256
3458,0.00256
3459,0.00256
3460,0.00256
3461,0.00256
3462,0.00256
3463,0.00512
3464,0.00512
3465,0.00512
3466,0.00512
3467,0.00256
3468,0.00256
3469,0.00256
3470,0.00256
3471,0.00256
3472,0.00256
3473,0.00256
3474,0.00256
3475,0.00256
3476,0.00256
3477,0.00256
3478,0.00512
3479,0.00512
3480,0.00512
3481,0.00512
3482,0.00512
3483,0.00512
3484,0.00512
3485,0.00512
3486,0.00512
3487,0.00512
3488,0.01024
3489,0.01024
3490,0.01024
3491,0.01024
3492,0.01024
3493,0.00512
3494,0.00512
3495,0.00512
3496,0.00512
3497,0.00512
3498,0.00512
3499,0.00256
3500,0.00256
3501,0.00256
3502,0.00256
3503,0.00256
3504,0.00256
3505,0.00256
3506,0.00512
3507,0.00512
3508,0.00512
3509,0.00512
3510,0.00512
3511,0.00512
3512,0.00512
3513,0.00512
3514,0.01024
3515,0.00512
3516,0.00512
3517,0.00512
3518,0.00512
3519,0.00512
3520,0.00512
3521,0.00512
3522,0.00512
3523,0.01024
3524,0.01024
3525,0.01024
3526,0.01024
3527,0.01024
3528,0.00512
3529,0.00512
3530,0.00512
3531,0.00512
3532,0.00512
3533,0.00512
3534,0.00512
3535,0.00512
3536,0.00512
3537,0.01024
3538,0.01024
3539,0.01024
3540,0.01024
3541,0.01024
3542,0.01024
3543,0.01024
3544,0.01024
3545,0.01024
3546,0.00512
3547,0.00512
3548,0.00512
3549,0.00512
3550,0.00512
3551,0.00512
3552,0.00512
3553,0.00512
3554,0.00512
3555,0.00512
3556,0.00512
3557,0.00512
3558,0.01024
3559,0.01024
3560,0.01024
3561,0.00512
3562,0.00512
3563,0.00512
3564,0.00512
3565,0.00512
3566,0.00512
3567,0.00256
3568,0.00256
3569,0.00256
3570,0.00256
3571,0.00256
3572,0.00256
3573,0.00256
3574,0.00256
3575,0.00512
3576,0.00512
3577,0.00512
3578,0.00512
3579,0.00512
3580,0.00512
3581,0.00512
3582,0.00512
3583,0.00512
3584,0.00512
3585,0.00512
3586,0.01024
3587,0.01024
3588,0.01024
3589,0.01024
3590,0.01024
3591,0.01024
3592,0.01024
3593,0.01024
3594,0.01024
3595,0.01024
3596,0.00512
3597,0.00512
3598,0.00512
3599,0.00512
3600,0.00512
3601,0.00512
3602,0.00512
3603,0.00512
3604,0.00512
3605,0.00256
3606,0.00256
3607,0.00256
3608,0.00256
3609,0.00256
3610,0.00256
3611,0.00256
3612,0.00256
3613,0.00256
3614,0.00128
3615,0.00128
3616,0.00128
3617,0.00128
3618,0.00128
3619,0.00128
3620,0.00128
3621,0.00256
3622,0.00256
3623,0.00256
3624,0.00256
3625,0.00256
3626,0.00256
3627,0.00256
3628,0.00256
3629,0.00128
3630,0.00064
3631,0.00064
3632,0.00064
3633,0.00064
3634,0.00064
3635,0.00064
3636,0.00064
3637,0.00128
3638,0.00128
3639,0.00128
3640,0.00128
3641,0.00128
3642,0.00128
3643,0.00128
3644,0.00128
3645,0.00128
3646,0.00256
3647,0.00256
3648,0.00256
3649,0.00256
3650,0.00256
3651,0.00256
3652,0.00256
3653,0.00256
3654,0.00256
3655,0.00256
3656,0.00256
3657,0.00256
3658,0.00256
3659,0.00256
3660,0.00256
3661,0.00512
3662,0.00512
3663,0.00512
3664,0.00512
3665,0.00512
3666,0.00512
3667,0.00512
3668,0.00256
3669,0.00256
3670,0.00256
3671,0.00256
3672,0.00256
3673,0.00256
3674,0.00256
3675,0.00256
3676,0.00256
3677,0.00256
3678,0.00128
3679,0.00128
3680,0.00128
3681,0.00128
3682,0.00128
3683,0.00128
3684,0.00128
3685,0.00128
3686,0.00128
3687,0.00128
3688,0.00256
3689,0.00256
3690,0.00256
3691,0.00256
3692,0.00256
3693,0.00256
3694,0.00256
3695,0.00512
3696,0.00512
3697,0.00512
3698,0.00512
3699,0.00512
3700,0.00512
3701,0.00512
3702,0.00512
3703,0.00512
3704,0.01024
3705,0.00512
3706,0.00512
3707,0.00512
3708,0.00512
3709,0.00512
3710,0.00512
3711,0.00512
3712,0.01024
3713,0.01024
3714,0.01024
3715,0.01024
3716,0.01024
3717,0.01024
3718,0.01024
3719,0.02048
3720,0.02048
3721,0.02048
3722,0.02048
3723,0.02048
3724,0.02048
3725,0.02048
3726,0.01024
3727,0.01024
3728,0.01024
3729,0.01024
3730,0.00512
3731,0.00256
3732,0.00256
3733,0.00256
3734,0.00256
3735,0.00256
3736,0.00256
3737,0.00256
3738,0.00256
3739,0.00256
3740,0.00512
3741,0.00512
3742,0.00512
3743,0.00512
3744,0.00512
3745,0.00512
3746,0.00512
3747,0.01024
3748,0.01024
3749,0.01024
3750,0.01024
3751,0.01024
3752,0.01024
3753,0.01024
3754,0.01024
3755,0.01024
3756,0.02048
3757,0.01024
3758,0.01024
3759,0.01024
3760,0.01024
3761,0.01024
3762,0.01024
3763,0.01024
3764,0.01024
3765,0.01024
3766,0.02048
3767,0.02048
3768,0.02048
3769,0.02048
3770,0.02048
3771,0.02048
3772,0.02048
3773,0.02048
3774,0.01024
3775,0.01024
3776,0.01024
3777,0.01024
3778,0.01024
3779,0.01024
3780,0.01024
3781,0.01024
3782,0.01024
3783,0.01024
3784,0.01024
3785,0.02048
3786,0.02048
3787,0.02048
3788,0.02048
3789,0.02048
3790,0.02048
3791,0.02048
3792,0.02048
3793,0.02048
3794,0.02048
3795,0.04096
3796,0.04096
3797,0.02048
3798,0.02048
3799,0.02048
3800,0.02048
3801,0.02048
3802,0.02048
3803,0.02048
3804,0.02048
3805,0.02048
3806,0.02048
3807,0.02048
3808,0.04096
3809,0.04096
3810,0.04096
3811,0.04096
3812,0.04096
3813,0.04096
3814,0.04096
3815,0.04096
3816,0.02048
3817,0.01024
3818,0.01024
3819,0.01024
3820,0.01024
3821,0.01024
3822,0.01024
3823,0.01024
3824,0.02048
3825,0.02048
3826,0.02048
3827,0.02048
3828,0.02048
3829,0.02048
3830,0.02048
3831,0.04096
3832,0.04096
3833,0.02048
3834,0.02048
3835,0.02048
3836,0.02048
3837,0.02048
3838,0.02048
3839,0.02048
3840,0.02048
3841,0.01024
3842,0.01024
3843,0.01024
3844,0.01024
3845,0.01024
3846,0.01024
3847,0.01024
3848,0.01024
3849,0.01024
3850,0.01024
3851,0.00512
3852,0.00512
3853,0.00512
3854,0.00512
3855,0.00512
3856,0.00512
3857,0.00512
3858,0.01024
3859,0.01024
3860,0.01024
3861,0.01024
3862,0.01024
3863,0.01024
3864,0.01024
3865,0.01024
3866,0.02048
3867,0.01024
3868,0.01024
3869,0.01024
3870,0.01024
3871,0.01024
3872,0.01024
3873,0.01024
3874,0.01024
3875,0.01024
3876,0.01024
3877,0.01024
3878,0.01024
3879,0.01024
3880,0.02048
3881,0.02048
3882,0.02048
3883,0.02048
3884,0.01024
3885,0.01024
3886,0.01024
3887,0.01024
3888,0.00512
3889,0.00512
3890,0.00512
3891,0.00512
3892,0.00512
3893,0.00512
3894,0.00512
3895,0.00512
3896,0.00512
3897,0.00512
3898,0.01024
3899,0.01024
3900,0.01024
3901,0.01024
3902,0.01024
3903,0.01024
3904,0.01024
3905,0.02048
3906,0.02048
3907,0.02048
3908,0.01024
3909,0.01024
3910,0.01024
3911,0.01024
3912,0.01024
3913,0.01024
3914,0.01024
3915,0.00512
3916,0.00512
3917,0.00512
3918,0.00512
3919,0.00512
3920,0.00512
3921,0.00512
3922,0.01024
3923,0.00512
3924,0.00512
3925,0.00512
3926,0.00512
3927,0.00512
3928,0.00512
3929,0.00512
3930,0.00512
3931,0.01024
3932,0.00512
3933,0.00512
3934,0.00512
3935,0.00512
3936,0.00256
3937,0.00256
3938,0.00256
3939,0.00256
3940,0.00256
3941,0.00256
3942,0.00256
3943,0.00256
3944,0.00256
3945,0.00512
3946,0.00512
3947,0.00512
3948,0.00512
3949,0.00512
3950,0.00512
3951,0.00512
3952,0.01024
3953,0.01024
3954,0.01024
3955,0.01024
3956,0.01024
3957,0.01024
3958,0.01024
3959,0.00512
3960,0.00512
3961,0.00512
3962,0.00512
3963,0.00512
3964,0.00512
3965,0.00512
3966,0.00512
3967,0.00512
3968,0.00512
3969,0.00512
3970,0.00512
3971,0.01024
3972,0.01024
3973,0.01024
3974,0.01024
3975,0.01024
3976,0.01024
3977,0.01024
3978,0.01024
3979,0.01024
3980,0.01024
3981,0.01024
3982,0.01024
3983,0.01024
3984,0.01024
3985,0.02048
3986,0.02048
3987,0.02048
3988,0.02048
3989,0.02048
3990,0.02048
3991,0.02048
3992,0.02048
3993,0.02048
3994,0.04096
3995,0.04096
3996,0.04096
3997,0.04096
3998,0.04096
3999,0.04096
4000,0.04096
4001,0.02048
4002,0.02048
4003,0.02048
4004,0.02048
4005,0.02048
4006,0.02048
4007,0.02048
4008,0.04096
4009,0.04096
4010,0.04096
4011,0.02048
4012,0.02048
4013,0.02048
4014,0.02048
4015,0.02048
4016,0.02048
4017,0.02048
4018,0.02048
4019,0.04096
4020,0.04096
4021,0.04096
4022,0.04096
4023,0.04096
4024,0.04096
4025,0.04096
4026,0.04096
4027,0.08192
4028,0.08192
4029,0.08192
4030,0.08192
4031,0.08192
4032,0.08192
4033,0.08192
4034,0.08192
4035,0.04096
4036,0.04096
4037,0.04096
4038,0.04096
4039,0.02048
4040,0.01024
4041,0.01024
4042,0.00512
4043,0.00512
4044,0.00512
4045,0.00512
4046,0.00512
4047,0.00512
4048,0.00512
4049,0.00512
4050,0.00512
4051,0.00512
4052,0.00512
4053,0.00512
4054,0.00512
4055,0.01024
4056,0.00512
4057,0.00512
4058,0.00512
4059,0.00512
4060,0.00512
4061,0.00512
4062,0.00512
4063,0.00512
4064,0.00512
4065,0.01024
4066,0.01024
4067,0.01024
4068,0.01024
4069,0.01024
4070,0.01024
4071,0.01024
4072,0.01024
4073,0.01024
4074,0.01024
4075,0.02048
4076,0.02048
4077,0.02048
4078,0.02048
4079,0.02048
4080,0.02048
4081,0.02048
4082,0.01024
4083,0.00512
4084,0.00512
4085,0.00512
4086,0.00512
4087,0.00512
4088,0.00512
4089,0.00512
4090,0.00512
4091,0.00512
4092,0.00512
4093,0.00512
4094,0.00512
4095,0.01024
4096,0.01024
4097,0.01024
4098,0.00512
4099,0.00512
4100,0.00512
4101,0.00512
4102,0.00512
4103,0.00512
4104,0.00512
4105,0.01024
4106,0.01024
4107,0.01024
4108,0.01024
4109,0.01024
4110,0.01024
4111,0.01024
4112,0.01024
4113,0.01024
4114,0.01024
4115,0.01024
4116,0.00512
4117,0.00512
4118,0.00512
4119,0.00512
4120,0.00512
4121,0.00512
4122,0.00512
4123,0.00512
4124,0.00512
4125,0.01024
4126,0.01024
4127,0.01024
4128,0.01024
4129,0.01024
4130,0.01024
4131,0.01024
4132,0.02048
4133,0.02048
4134,0.02048
4135,0.02048
4136,0.02048
4137,0.02048
4138,0.02048
4139,0.02048
4140,0.02048
4141,0.04096
4142,0.04096
4143,0.04096
4144,0.04096
4145,0.04096
4146,0.04096
4147,0.04096
4148,0.02048
4149,0.02048
4150,0.02048
4151,0.01024
4152,0.01024
4153,0.01024
4154,0.01024
4155,0.01024
4156,0.01024
4157,0.01024
4158,0.01024
4159,0.02048
4160,0.02048
4161,0.02048
4162,0.02048
4163,0.02048
4164,0.02048
4165,0.02048
4166,0.02048
4167,0.02048
4168,0.02048
4169,0.02048
4170,0.02048
4171,0.02048
4172,0.01024
4173,0.01024
4174,0.01024
4175,0.01024
4176,0.01024
4177,0.01024
4178,0.01024
4179,0.02048
4180,0.01024
4181,0.00512
4182,0.00512
4183,0.00512
4184,0.00512
4185,0.00512
4186,0.00256
4187,0.00256
4188,0.00256
4189,0.00256
4190,0.00256
4191,0.00256
4192,0.00256
4193,0.00256
4194,0.00256
4195,0.00512
4196,0.00512
4197,0.00512
4198,0.00512
4199,0.00512
4200,0.00512
4201,0.00512
4202,0.01024
4203,0.01024
4204,0.01024
4205,0.00512
4206,0.00512
4207,0.00512
4208,0.00512
4209,0.00512
4210,0.00256
4211,0.00256
4212,0.00256
4213,0.00256
4214,0.00256
4215,0.00256
4216,0.00256
4217,0.00256
4218,0.00256
4219,0.00256
4220,0.00256
4221,0.00256
4222,0.00256
4223,0.00256
4224,0.00256
4225,0.00256
4226,0.00256
4227,0.00256
4228,0.00256
4229,0.00256
4230,0.00256
4231,0.00256
4232,0.00256
4233,0.00256
4234,0.00256
4235,0.00256
4236,0.00512
4237,0.00512
4238,0.00512
4239,0.00512
4240,0.00512
4241,0.00512
4242,0.00512
4243,0.00512
4244,0.00512
4245,0.01024
4246,0.01024
4247,0.01024
4248,0.01024
4249,0.01024
4250,0.01024
4251,0.01024
4252,0.02048
4253,0.02048
4254,0.01024
4255,0.01024
4256,0.01024
4257,0.01024
4258,0.01024
4259,0.01024
4260,0.01024
4261,0.02048
4262,0.02048
4263,0.02048
4264,0.02048
4265,0.02048
4266,0.02048
4267,0.02048
4268,0.02048
4269,0.02048
4270,0.04096
4271,0.02048
4272,0.02048
4273,0.02048
4274,0.02048
4275,0.01024
4276,0.01024
4277,0.01024
4278,0.01024
4279,0.01024
4280,0.01024
4281,0.01024
4282,0.01024
4283,0.01024
4284,0.01024
4285,0.00512
4286,0.00512
4287,0.00512
4288,0.00512
4289,0.00512
4290,0.00512
4291,0.00512
4292,0.00512
4293,0.00512
4294,0.00512
4295,0.00512
4296,0.00512
4297,0.00512
4298,0.00512
4299,0.00512
4300,0.00512
4301,0.00512
4302,0.00512
4303,0.00512
4304,0.00512
4305,0.00512
4306,0.00512
4307,0.00512
4308,0.00512
4309,0.00512
4310,0.00512
4311,0.00512
4312,0.01024
4313,0.01024
4314,0.00512
4315,0.00512
4316,0.00512
4317,0.00512
4318,0.00512
4319,0.00512
4320,0.00512
4321,0.00512
4322,0.00512
4323,0.00512
4324,0.00512
4325,0.01024
4326,0.01024
4327,0.01024
4328,0.01024
4329,0.01024
4330,0.01024
4331,0.01024
4332,0.02048
4333,0.02048
4334,0.02048
4335,0.02048
4336,0.02048
4337,0.02048
4338,0.01024
4339,0.01024
4340,0.01024
4341,0.01024
4342,0.01024
4343,0.01024
4344,0.01024
4345,0.01024
4346,0.01024
4347,0.01024
4348,0.01024
4349,0.01024
4350,0.02048
4351,0.02048
4352,0.02048
4353,0.02048
4354,0.01024
4355,0.01024
4356,0.01024
4357,0.00512
4358,0.00512
4359,0.00512
4360,0.00512
4361,0.00512
4362,0.00512
4363,0.00512
4364,0.00512
4365,0.01024
4366,0.01024
4367,0.01024
4368,0.01024
4369,0.01024
4370,0.01024
4371,0.01024
4372,0.01024
4373,0.01024
4374,0.01024
4375,0.00512
4376,0.00512
4377,0.00512
4378,0.00256
4379,0.00256
4380,0.00256
4381,0.00128
4382,0.00128
4383,0.00128
4384,0.00128
4385,0.00128
4386,0.00128
4387,0.00064
4388,0.00064
4389,0.00064
4390,0.00064
4391,0.00064
4392,0.00064
4393,0.00064
4394,0.00128
4395,0.00128
4396,0.00128
4397,0.00128
4398,0.00128
4399,0.00128
4400,0.00064
4401,0.00064
4402,0.00064
4403,0.00064
4404,0.00064
4405,0.00064
4406,0.00064
4407,0.00064
4408,0.00064
4409,0.00064
4410,0.00128
4411,0.00128
4412,0.00128
4413,0.00128
4414,0.00128
4415,0.00128
4416,0.00128
4417,0.00128
4418,0.00128
4419,0.00128
4420,0.00256
4421,0.00256
4422,0.00256
4423,0.00256
4424,0.00256
4425,0.00256
4426,0.00256
4427,0.00256
4428,0.00256
4429,0.00256
4430,0.00256
4431,0.00512
4432,0.00512
4433,0.00512
4434,0.00512
4435,0.00512
4436,0.00256
4437,0.00256
4438,0.00256
4439,0.00256
4440,0.00256
4441,0.00256
4442,0.00256
4443,0.00512
4444,0.00512
4445,0.00512
4446,0.00512
4447,0.00512
4448,0.00512
4449,0.00512
4450,0.00512
4451,0.00512
4452,0.00256
4453,0.00256
4454,0.00256
4455,0.00256
